0 0.24453125 0.03515625 0.05390625 0.0703125
0 0.3125 0.034375 0.06015625 0.06875
0 0.31953125 0.13203125 0.059375 0.084375
0 0.234375 0.2625 0.05859375 0.1125
0 0.2296875 0.3875 0.05703125 0.1296875
0 0.3 0.3984375 0.06171875 0.1125
0 0.296875 0.5328125 0.06640625 0.121875
0 0.228125 0.5265625 0.0578125 0.11875
0 0.225 0.659375 0.05390625 0.11015625
0 0.30078125 0.66953125 0.05703125 0.12421875
0 0.23359375 0.7859375 0.05703125 0.11640625
0 0.2390625 0.91171875 0.05859375 0.1015625
0 0.371875 0.81171875 0.06640625 0.12578125
0 0.52578125 0.67734375 0.0734375 0.12421875
0 0.5234375 0.53984375 0.07578125 0.13984375
0 0.52890625 0.2671875 0.07109375 0.13203125
0 0.66640625 0.15390625 0.05625 0.128125
0 0.5296875 0.03203125 0.06875 0.06328125
0 0.7390625 0.05390625 0.0625 0.09921875
0 0.740625 0.1671875 0.05859375 0.09921875
0 0.74140625 0.2890625 0.05859375 0.1046875
0 0.740625 0.41796875 0.05859375 0.10546875
0 0.6734375 0.4109375 0.0609375 0.12265625
0 0.7375 0.5359375 0.059375 0.11640625
0 0.73828125 0.66796875 0.05859375 0.1140625
0 0.73203125 0.78671875 0.059375 0.10078125
0 0.7265625 0.921875 0.05859375 0.10546875