0 0.22265625 0.06484375 0.0578125 0.10078125
0 0.29921875 0.165625 0.05703125 0.10546875
0 0.2296875 0.57734375 0.06328125 0.12265625
0 0.30078125 0.5765625 0.06875 0.1140625
0 0.309375 0.71328125 0.06640625 0.1125
0 0.25625 0.846875 0.0546875 0.08828125
0 0.259375 0.95546875 0.0609375 0.08359375
0 0.37109375 0.665625 0.059375 0.1109375
0 0.44765625 0.42109375 0.06875 0.11796875
0 0.53125 0.6828125 0.06796875 0.11875
0 0.51328125 0.271875 0.0734375 0.12265625
0 0.5890625 0.275 0.065625 0.103125
0 0.571875 0.12578125 0.06484375 0.09765625
0 0.64765625 0.14453125 0.05703125 0.09921875
0 0.71953125 0.13515625 0.059375 0.0953125
0 0.715625 0.03203125 0.05703125 0.06328125
0 0.5078125 0.03515625 0.059375 0.0703125
0 0.42578125 0.0359375 0.0671875 0.071875