0 0.246875 0.034375 0.05546875 0.06875
0 0.31640625 0.1265625 0.05390625 0.11796875
0 0.4484375 0.03046875 0.06015625 0.0609375
0 0.53671875 0.03046875 0.059375 0.0609375
0 0.5953125 0.12734375 0.0625 0.11640625
0 0.66875 0.159375 0.05546875 0.09375
0 0.7375 0.1625 0.04765625 0.0875
0 0.7453125 0.04296875 0.05 0.0859375
0 0.5234375 0.534375 0.065625 0.13515625
0 0.44921875 0.403125 0.075 0.12421875
0 0.3671875 0.6359375 0.0625 0.11640625
0 0.2984375 0.528125 0.06953125 0.11640625
0 0.23125 0.52109375 0.05546875 0.1140625
0 0.2953125 0.67109375 0.0703125 0.11796875
0 0.23515625 0.78125 0.06640625 0.1203125
0 0.23125 0.909375 0.06953125 0.11796875
0 0.5171875 0.81484375 0.07109375 0.12734375
0 0.52109375 0.68046875 0.06796875 0.128125
0 0.5890625 0.940625 0.065625 0.11875
0 0.72734375 0.9265625 0.0609375 0.1015625