0 0.23515625 0.04296875 0.0609375 0.0859375
0 0.30546875 0.15234375 0.0578125 0.121875
0 0.440625 0.0359375 0.065625 0.071875
0 0.52265625 0.0359375 0.0640625 0.07109375
0 0.58828125 0.13828125 0.0671875 0.11796875
0 0.659375 0.15546875 0.0625 0.1015625
0 0.73046875 0.15859375 0.0578125 0.103125
0 0.73046875 0.04296875 0.0546875 0.0859375
0 0.5953125 0.2765625 0.06484375 0.121875
0 0.51953125 0.27890625 0.06796875 0.121875
0 0.44609375 0.415625 0.065625 0.11875
0 0.52421875 0.553125 0.06953125 0.11640625
0 0.5296875 0.69140625 0.06328125 0.11484375
0 0.73125 0.92578125 0.0609375 0.1109375
0 0.59453125 0.9515625 0.06796875 0.096875
0 0.51875 0.82265625 0.059375 0.1140625
0 0.2390625 0.81875 0.06171875 0.1109375
0 0.23984375 0.940625 0.06015625 0.10546875
0 0.29921875 0.6875 0.06328125 0.12265625
0 0.3671875 0.65859375 0.06640625 0.12734375
0 0.2953125 0.5546875 0.06328125 0.1203125
0 0.2265625 0.5484375 0.0625 0.128125