0 0.671875 0.0359375 0.059375 0.071875
0 0.31171875 0.02890625 0.0578125 0.0578125
0 0.24921875 0.03203125 0.0546875 0.0640625
0 0.3234375 0.13828125 0.05859375 0.09921875
0 0.23671875 0.26484375 0.05703125 0.1015625
0 0.3734375 0.265625 0.06640625 0.1140625
0 0.4625 0.2625 0.0640625 0.1390625
0 0.2328125 0.3828125 0.0546875 0.11015625
0 0.30234375 0.3984375 0.06640625 0.1046875
0 0.3 0.53984375 0.06328125 0.10859375
0 0.23203125 0.525 0.05625 0.1140625
0 0.225 0.65703125 0.06171875 0.1109375
0 0.3 0.6671875 0.05703125 0.11484375
0 0.29765625 0.80625 0.06640625 0.11484375
0 0.23125 0.7859375 0.05390625 0.103125
0 0.2390625 0.9078125 0.06328125 0.11484375
0 0.5265625 0.54609375 0.0671875 0.12421875
0 0.53125 0.8140625 0.0609375 0.1125
0 0.43671875 0.9265625 0.06640625 0.1046875
0 0.67578125 0.4265625 0.05859375 0.12578125
0 0.67265625 0.278125 0.0640625 0.1203125
0 0.66875 0.15703125 0.06640625 0.09140625
0 0.73828125 0.05 0.0546875 0.1
0 0.740625 0.16875 0.0515625 0.09375
0 0.740625 0.2828125 0.0625 0.1140625
0 0.74375 0.425 0.0578125 0.1140625
0 0.7375 0.5375 0.05859375 0.11015625
0 0.678125 0.6921875 0.06484375 0.10546875
0 0.65625 0.94609375 0.06328125 0.1015625