0 0.30703125 0.26796875 0.065625 0.11015625
0 0.31484375 0.1328125 0.06171875 0.10703125
0 0.31484375 0.028125 0.05859375 0.05546875
0 0.24609375 0.028125 0.05625 0.05546875
0 0.53046875 0.02890625 0.0609375 0.0578125
0 0.59375 0.12890625 0.0578125 0.09921875
0 0.6671875 0.15703125 0.05859375 0.10546875
0 0.7421875 0.16953125 0.05625 0.08984375
0 0.52734375 0.2671875 0.0703125 0.121875
0 0.6 0.28203125 0.0734375 0.10703125
0 0.73984375 0.04609375 0.0546875 0.09140625
0 0.6734375 0.4140625 0.06171875 0.12421875
0 0.7375 0.54453125 0.06484375 0.13125
0 0.72578125 0.92890625 0.06328125 0.11015625
0 0.51796875 0.8125 0.0703125 0.13125
0 0.44921875 0.403125 0.075 0.1296875
0 0.5265625 0.54921875 0.0703125 0.121875
0 0.5296875 0.68359375 0.06171875 0.10546875
0 0.51875 0.80703125 0.06953125 0.1109375
0 0.3734375 0.80390625 0.06640625 0.12421875
0 0.3671875 0.921875 0.0609375 0.12421875
0 0.2296875 0.51640625 0.0609375 0.11796875
0 0.3 0.53515625 0.05546875 0.11796875
0 0.36640625 0.64453125 0.06328125 0.11875
0 0.29921875 0.665625 0.06953125 0.11796875
0 0.453125 0.40546875 0.0703125 0.128125
0 0.2359375 0.90703125 0.071875 0.128125