0 0.22265625 0.06484375 0.0546875 0.09296875
0 0.3015625 0.17265625 0.0625 0.11484375
0 0.42421875 0.03828125 0.07421875 0.0765625
0 0.5046875 0.03203125 0.065625 0.0640625
0 0.571875 0.1234375 0.06796875 0.11015625
0 0.6453125 0.15234375 0.0546875 0.121875
0 0.71953125 0.146875 0.0546875 0.10546875
0 0.71796875 0.03203125 0.0578125 0.0640625
0 0.5125 0.2765625 0.06015625 0.12734375
0 0.5875 0.284375 0.06875 0.1109375
0 0.5390625 0.6828125 0.06640625 0.11484375
0 0.4453125 0.41875 0.06796875 0.09921875
0 0.36796875 0.67109375 0.06171875 0.12265625
0 0.30546875 0.70546875 0.06875 0.1359375
0 0.296875 0.57734375 0.0734375 0.11796875
0 0.22734375 0.575 0.0703125 0.11796875
0 0.24765625 0.84296875 0.06640625 0.11484375
0 0.25078125 0.9515625 0.0671875 0.096875