0 0.23828125 0.91171875 0.05546875 0.09765625
0 0.52734375 0.540625 0.05703125 0.1125
0 0.5375 0.68203125 0.06171875 0.11015625
0 0.3703125 0.809375 0.0640625 0.1140625
0 0.37265625 0.6359375 0.071875 0.12734375
0 0.3 0.66796875 0.065625 0.11640625
0 0.3 0.5390625 0.06015625 0.1125
0 0.2328125 0.5234375 0.0515625 0.1125
0 0.3203125 0.121875 0.06640625 0.10078125
0 0.31328125 0.03046875 0.0546875 0.0609375
0 0.24609375 0.03203125 0.0546875 0.0640625
0 0.534375 0.03203125 0.06875 0.0640625
0 0.59140625 0.13046875 0.05859375 0.1015625
0 0.6703125 0.15703125 0.07109375 0.12734375
0 0.74765625 0.175 0.07265625 0.1296875
0 0.7390625 0.046875 0.059375 0.09375
0 0.603125 0.2734375 0.059375 0.10703125
0 0.52734375 0.26484375 0.0703125 0.13203125
0 0.453125 0.4109375 0.06640625 0.1125
0 0.671875 0.4109375 0.06484375 0.12578125
0 0.734375 0.53671875 0.06015625 0.09921875