0 0.2328125 0.05390625 0.0609375 0.1015625
0 0.30234375 0.159375 0.053125 0.1046875
0 0.58515625 0.13984375 0.0703125 0.12578125
0 0.51328125 0.0375 0.0625 0.075
0 0.72421875 0.04453125 0.0625 0.08828125
0 0.72890625 0.153125 0.0515625 0.0875
0 0.521875 0.55234375 0.0671875 0.12578125
0 0.44296875 0.415625 0.071875 0.128125
0 0.5140625 0.2671875 0.06875 0.11875
0 0.5921875 0.275 0.0671875 0.121875
0 0.65625 0.14609375 0.06171875 0.12578125
0 0.73203125 0.91953125 0.05703125 0.10859375
0 0.59453125 0.94140625 0.0703125 0.1171875
0 0.5203125 0.82265625 0.06875 0.1140625
0 0.52578125 0.690625 0.07265625 0.11875
0 0.29296875 0.56015625 0.06875 0.128125
0 0.225 0.5625 0.0625 0.11640625
0 0.37109375 0.66640625 0.0703125 0.1109375
0 0.29921875 0.7015625 0.05625 0.1015625