0 0.225 0.06484375 0.05234375 0.09296875
0 0.30078125 0.171875 0.05703125 0.0875
0 0.42890625 0.0359375 0.0671875 0.07109375
0 0.50703125 0.03671875 0.059375 0.07265625
0 0.5703125 0.128125 0.059375 0.09296875
0 0.646875 0.14765625 0.05625 0.09921875
0 0.721875 0.1359375 0.05625 0.09921875
0 0.71796875 0.03359375 0.0578125 0.06640625
0 0.59375 0.28046875 0.05078125 0.10078125
0 0.51953125 0.271875 0.06796875 0.12265625
0 0.44765625 0.4203125 0.06875 0.11875
0 0.2328125 0.58046875 0.05703125 0.10859375
0 0.3015625 0.575 0.06015625 0.11015625
0 0.375 0.6671875 0.06484375 0.128125
0 0.309375 0.70546875 0.065625 0.1046875
0 0.5296875 0.6796875 0.07890625 0.12734375
0 0.53359375 0.825 0.0734375 0.12421875
0 0.61171875 0.95 0.06875 0.09921875
0 0.25546875 0.84765625 0.0484375 0.084375
0 0.26015625 0.9515625 0.0625 0.096875