0 0.22578125 0.06171875 0.05859375 0.11015625
0 0.296875 0.17109375 0.06171875 0.1125
0 0.43046875 0.03828125 0.06796875 0.0765625
0 0.50703125 0.0359375 0.0640625 0.071875
0 0.578125 0.12734375 0.07421875 0.12578125
0 0.64921875 0.1484375 0.059375 0.09296875
0 0.7234375 0.14296875 0.05234375 0.08203125
0 0.71484375 0.03359375 0.0515625 0.06640625
0 0.590625 0.278125 0.06640625 0.0953125
0 0.5109375 0.26796875 0.0765625 0.12578125
0 0.44609375 0.41484375 0.0671875 0.12265625
0 0.5296875 0.684375 0.06796875 0.1125
0 0.3734375 0.66171875 0.05390625 0.1203125
0 0.309375 0.70625 0.06328125 0.1140625
0 0.2984375 0.57890625 0.06796875 0.11484375
0 0.23046875 0.58125 0.0609375 0.11796875
0 0.253125 0.8359375 0.0640625 0.1109375
0 0.2546875 0.9578125 0.059375 0.084375