0 0.31640625 0.13046875 0.05078125 0.12265625
0 0.4484375 0.02734375 0.05703125 0.05390625
0 0.2484375 0.03203125 0.059375 0.0640625
0 0.53125 0.03203125 0.059375 0.0640625
0 0.59453125 0.13359375 0.05859375 0.1140625
0 0.67265625 0.1375 0.0640625 0.12421875
0 0.740625 0.04609375 0.05 0.09140625
0 0.73984375 0.16171875 0.0515625 0.1109375
0 0.60078125 0.28046875 0.0609375 0.10859375
0 0.5265625 0.2609375 0.06328125 0.11015625
0 0.4515625 0.409375 0.0640625 0.1125
0 0.528125 0.54453125 0.06484375 0.10703125
0 0.5265625 0.6828125 0.065625 0.103125
0 0.51796875 0.81328125 0.059375 0.10078125
0 0.5890625 0.94609375 0.0609375 0.09296875
0 0.365625 0.6359375 0.0703125 0.10859375
0 0.228125 0.515625 0.06328125 0.11875
0 0.29765625 0.52734375 0.06484375 0.11796875
0 0.3015625 0.665625 0.0625 0.121875
0 0.2421875 0.79765625 0.0515625 0.0953125
0 0.2390625 0.90859375 0.0546875 0.09765625