0 0.31875 0.1328125 0.06484375 0.09375
0 0.3125 0.02890625 0.0625 0.0578125
0 0.24375 0.03203125 0.0578125 0.06328125
0 0.67109375 0.0359375 0.05390625 0.07109375
0 0.74296875 0.0515625 0.05 0.09296875
0 0.66796875 0.16015625 0.05703125 0.10859375
0 0.74140625 0.171875 0.05859375 0.09765625
0 0.67578125 0.284375 0.0640625 0.10078125
0 0.74453125 0.28515625 0.05390625 0.1046875
0 0.74453125 0.4203125 0.0546875 0.1109375
0 0.234375 0.27109375 0.0609375 0.103125
0 0.371875 0.265625 0.07265625 0.11640625
0 0.45703125 0.2546875 0.06328125 0.11796875
0 0.23203125 0.3890625 0.0640625 0.10859375
0 0.303125 0.4 0.05703125 0.1203125
0 0.2984375 0.540625 0.0625 0.10859375
0 0.23046875 0.53203125 0.06328125 0.11484375
0 0.2265625 0.66171875 0.05859375 0.1015625
0 0.30390625 0.6703125 0.06171875 0.1125
0 0.296875 0.80625 0.0640625 0.10703125
0 0.22734375 0.78828125 0.0578125 0.10859375
0 0.23203125 0.90703125 0.0640625 0.09921875
0 0.30390625 0.9421875 0.0546875 0.09765625
0 0.53046875 0.8109375 0.0578125 0.103125
0 0.671875 0.68671875 0.059375 0.1140625
0 0.675 0.41953125 0.05859375 0.11875
0 0.7421875 0.5453125 0.0640625 0.10546875
0 0.6734375 0.55390625 0.0546875 0.103125
0 0.659375 0.940625 0.0640625 0.103125