0 0.4640625 0.2578125 0.06328125 0.121875
0 0.53203125 0.5453125 0.0640625 0.1046875
0 0.53125 0.68046875 0.06484375 0.10703125
0 0.37265625 0.8125 0.06015625 0.10546875
0 0.303125 0.671875 0.065625 0.103125
0 0.3015625 0.54453125 0.0609375 0.1015625
0 0.3 0.4 0.05546875 0.1046875
0 0.23359375 0.39296875 0.05546875 0.103125
0 0.23359375 0.26171875 0.05625 0.09765625
0 0.31953125 0.13203125 0.0578125 0.09765625
0 0.31171875 0.03125 0.0625 0.0625
0 0.24609375 0.03046875 0.0546875 0.0609375
0 0.53671875 0.02890625 0.0609375 0.0578125
0 0.6671875 0.16015625 0.0640625 0.10859375
0 0.74140625 0.053125 0.05546875 0.084375
0 0.7421875 0.1640625 0.05859375 0.0953125
0 0.67734375 0.28125 0.053125 0.096875
0 0.73984375 0.28671875 0.0515625 0.10078125
0 0.67578125 0.42109375 0.05078125 0.09921875
0 0.74296875 0.41484375 0.04609375 0.1015625
0 0.73828125 0.53828125 0.05703125 0.10078125
0 0.74453125 0.671875 0.0640625 0.10859375
0 0.7375 0.78359375 0.05078125 0.1046875
0 0.7296875 0.92421875 0.05546875 0.09375