0 0.31171875 0.128125 0.06484375 0.11875
0 0.31171875 0.021875 0.0609375 0.04375
0 0.24140625 0.03359375 0.0640625 0.06640625
0 0.53046875 0.0390625 0.05703125 0.078125
0 0.59375 0.12734375 0.0671875 0.1203125
0 0.67109375 0.16015625 0.06328125 0.10078125
0 0.73984375 0.04609375 0.05078125 0.0875
0 0.74453125 0.16328125 0.05703125 0.10703125
0 0.67734375 0.41171875 0.0640625 0.10859375
0 0.60390625 0.2703125 0.06796875 0.11796875
0 0.52578125 0.26875 0.06328125 0.14296875
0 0.44921875 0.40390625 0.06953125 0.11796875
0 0.29765625 0.54140625 0.05703125 0.11015625
0 0.23203125 0.528125 0.05390625 0.1140625
0 0.52578125 0.53515625 0.071875 0.14140625
0 0.73515625 0.53046875 0.05546875 0.10078125
0 0.52890625 0.67890625 0.06640625 0.1296875
0 0.36640625 0.63046875 0.05703125 0.128125
0 0.30078125 0.6703125 0.06015625 0.096875
0 0.2421875 0.7984375 0.05546875 0.11015625
0 0.2390625 0.91328125 0.0640625 0.096875
0 0.51875 0.80859375 0.0703125 0.11484375
0 0.58984375 0.940625 0.0703125 0.11875
0 0.7234375 0.9265625 0.06171875 0.11484375