0 0.246875 0.034375 0.0609375 0.06875
0 0.3125 0.02421875 0.0625 0.0484375
0 0.3171875 0.13125 0.06484375 0.08984375
0 0.5328125 0.03359375 0.071875 0.06640625
0 0.59296875 0.12890625 0.06015625 0.1046875
0 0.66953125 0.1578125 0.05234375 0.1015625
0 0.7453125 0.05625 0.05703125 0.0859375
0 0.74140625 0.1703125 0.05859375 0.10859375
0 0.53046875 0.271875 0.05546875 0.11796875
0 0.74296875 0.28359375 0.05078125 0.0671875
0 0.60390625 0.55 0.0578125 0.12578125
0 0.7375 0.67421875 0.0609375 0.096875
0 0.725 0.92890625 0.05546875 0.10703125
0 0.371875 0.92265625 0.06328125 0.09921875
0 0.5171875 0.8109375 0.0671875 0.11640625
0 0.52890625 0.68671875 0.07578125 0.11875
0 0.52578125 0.5421875 0.0671875 0.12421875
0 0.44921875 0.39921875 0.07265625 0.13203125
0 0.30546875 0.2609375 0.0640625 0.13125
0 0.36484375 0.640625 0.06640625 0.12578125
0 0.29765625 0.665625 0.06484375 0.11640625
0 0.29921875 0.53984375 0.0625 0.11875
0 0.23203125 0.521875 0.0578125 0.11796875
0 0.23671875 0.90703125 0.0546875 0.11015625
0 0.3703125 0.8046875 0.06640625 0.11796875