0 0.2234375 0.0671875 0.0546875 0.08984375
0 0.3 0.1671875 0.05859375 0.1015625
0 0.42890625 0.040625 0.0640625 0.08125
0 0.5015625 0.0375 0.071875 0.075
0 0.575 0.134375 0.06796875 0.12265625
0 0.65078125 0.1359375 0.06328125 0.1109375
0 0.72421875 0.1375 0.05703125 0.103125
0 0.715625 0.03203125 0.05625 0.0640625
0 0.58828125 0.27578125 0.06171875 0.10703125
0 0.5140625 0.271875 0.06484375 0.1125
0 0.4453125 0.42734375 0.0703125 0.11875
0 0.53515625 0.68671875 0.0640625 0.12421875
0 0.37421875 0.65859375 0.05390625 0.10859375
0 0.31015625 0.7046875 0.06171875 0.1109375
0 0.303125 0.5765625 0.06015625 0.1140625
0 0.23125 0.58046875 0.05625 0.1140625
0 0.25546875 0.8484375 0.06328125 0.1015625
0 0.25625 0.9546875 0.0578125 0.0875