0 0.7328125 0.53203125 0.05546875 0.1015625
0 0.72578125 0.92265625 0.05625 0.1046875
0 0.590625 0.94140625 0.071875 0.1171875
0 0.51875 0.81640625 0.07109375 0.11640625
0 0.525 0.6796875 0.078125 0.121875
0 0.5265625 0.54375 0.06640625 0.1296875
0 0.45 0.40859375 0.0625 0.10546875
0 0.52890625 0.2703125 0.0640625 0.11015625
0 0.60234375 0.28046875 0.06328125 0.1140625
0 0.6765625 0.41171875 0.0609375 0.11015625
0 0.6671875 0.153125 0.0640625 0.11484375
0 0.59296875 0.134375 0.0578125 0.11015625
0 0.534375 0.03515625 0.06875 0.0703125
0 0.73828125 0.04609375 0.0578125 0.0921875
0 0.73984375 0.165625 0.0609375 0.10859375
0 0.31484375 0.13203125 0.05 0.10546875
0 0.309375 0.02890625 0.059375 0.0578125
0 0.246875 0.03125 0.06328125 0.0625
0 0.228125 0.51953125 0.06796875 0.12734375
0 0.30234375 0.53515625 0.0671875 0.11796875
0 0.36875 0.63828125 0.0625 0.1125
0 0.3015625 0.67109375 0.05546875 0.10703125
0 0.2296875 0.90546875 0.06875 0.11484375
0 0.3703125 0.80390625 0.06875 0.121875