0 0.31875 0.12890625 0.0546875 0.1015625
0 0.5296875 0.02578125 0.0609375 0.0515625
0 0.24375 0.03359375 0.065625 0.06640625
0 0.2359375 0.26484375 0.059375 0.10859375
0 0.2984375 0.403125 0.059375 0.10703125
0 0.228125 0.39140625 0.05859375 0.10546875
0 0.22890625 0.528125 0.06328125 0.1140625
0 0.303125 0.5390625 0.05859375 0.1125
0 0.2234375 0.65703125 0.059375 0.12265625
0 0.3 0.67109375 0.0640625 0.12578125
0 0.2265625 0.78515625 0.0671875 0.1203125
0 0.29765625 0.80390625 0.06640625 0.11640625
0 0.23203125 0.91171875 0.0671875 0.10703125
0 0.528125 0.81484375 0.06171875 0.12421875
0 0.525 0.5375 0.06796875 0.12265625
0 0.459375 0.25390625 0.0625 0.11875
0 0.3125 0.03125 0.0640625 0.0625
0 0.6671875 0.153125 0.06875 0.11640625
0 0.740625 0.04609375 0.053125 0.0921875
0 0.74140625 0.1671875 0.05546875 0.10703125
0 0.6734375 0.28203125 0.05625 0.11015625
0 0.74296875 0.28515625 0.0546875 0.09140625
0 0.67734375 0.4171875 0.05703125 0.1125
0 0.671875 0.68125 0.0546875 0.11640625
0 0.73671875 0.790625 0.05546875 0.096875
0 0.7265625 0.9234375 0.05625 0.103125