0 0.3171875 0.13203125 0.06796875 0.1109375
0 0.234375 0.259375 0.05546875 0.10859375
0 0.23203125 0.38671875 0.05546875 0.11015625
0 0.3015625 0.39765625 0.05546875 0.1125
0 0.3 0.54140625 0.0640625 0.11796875
0 0.2296875 0.53203125 0.06328125 0.1046875
0 0.225 0.65703125 0.053125 0.09765625
0 0.3015625 0.67109375 0.05859375 0.11484375
0 0.2296875 0.7828125 0.05703125 0.11640625
0 0.2390625 0.90703125 0.05234375 0.11015625
0 0.3703125 0.8140625 0.0671875 0.11484375
0 0.528125 0.5453125 0.059375 0.1203125
0 0.4625 0.25546875 0.06328125 0.11875
0 0.66484375 0.16484375 0.0640625 0.10703125
0 0.74140625 0.05234375 0.05234375 0.08828125
0 0.7390625 0.165625 0.05546875 0.0953125
0 0.678125 0.28046875 0.05078125 0.10859375
0 0.7421875 0.28046875 0.0578125 0.10078125
0 0.74375 0.4125 0.0515625 0.10859375
0 0.6765625 0.41953125 0.05390625 0.10078125
0 0.73671875 0.53515625 0.05625 0.096875
0 0.67421875 0.69609375 0.053125 0.1046875
0 0.7421875 0.67421875 0.05234375 0.096875
0 0.734375 0.7875 0.05625 0.096875
0 0.72734375 0.92421875 0.05546875 0.09921875
0 0.2453125 0.02578125 0.05234375 0.0515625