0 0.22421875 0.6640625 0.0546875 0.10859375
0 0.30234375 0.675 0.05546875 0.10546875
0 0.30078125 0.54140625 0.059375 0.11015625
0 0.23203125 0.52734375 0.053125 0.1015625
0 0.303125 0.40546875 0.05546875 0.09921875
0 0.234375 0.38984375 0.05625 0.103125
0 0.234375 0.26171875 0.0546875 0.10078125
0 0.303125 0.25703125 0.05546875 0.11015625
0 0.30625 0.1484375 0.0546875 0.0953125
0 0.23984375 0.13828125 0.05 0.08828125
0 0.24375 0.028125 0.05625 0.05625
0 0.31171875 0.02109375 0.0546875 0.0421875
0 0.6703125 0.034375 0.0578125 0.06640625
0 0.7421875 0.05 0.05234375 0.09140625
0 0.6796875 0.15859375 0.0546875 0.08984375
0 0.73984375 0.15546875 0.0546875 0.09140625
0 0.6765625 0.2828125 0.0640625 0.1109375
0 0.74296875 0.28359375 0.04921875 0.09921875
0 0.67578125 0.41796875 0.053125 0.10078125
0 0.74765625 0.41171875 0.0484375 0.09375
0 0.7421875 0.54375 0.0546875 0.1109375
0 0.6734375 0.55 0.05625 0.1015625
0 0.6671875 0.675 0.05546875 0.10703125
0 0.74375 0.675 0.05078125 0.09921875
0 0.675 0.81328125 0.0546875 0.10078125
0 0.73828125 0.78984375 0.06328125 0.0953125
0 0.73203125 0.92578125 0.053125 0.09765625
0 0.65859375 0.94140625 0.05234375 0.09140625