0 0.22734375 0.0765625 0.05546875 0.0953125
0 0.30859375 0.171875 0.0625 0.13203125
0 0.42578125 0.03984375 0.0578125 0.0796875
0 0.51015625 0.03671875 0.059375 0.07265625
0 0.571875 0.1234375 0.0609375 0.10703125
0 0.71875 0.0359375 0.0609375 0.07109375
0 0.7171875 0.1375 0.05234375 0.09296875
0 0.51328125 0.27421875 0.06875 0.11796875
0 0.22890625 0.5765625 0.059375 0.1375
0 0.2984375 0.57421875 0.06484375 0.1109375
0 0.30859375 0.70859375 0.06640625 0.1046875
0 0.24765625 0.84140625 0.06171875 0.10859375
0 0.25390625 0.9578125 0.0734375 0.084375