0 0.72734375 0.92890625 0.05625 0.10859375
0 0.7375 0.6765625 0.0578125 0.13125
0 0.6015625 0.5453125 0.065625 0.12734375
0 0.52421875 0.540625 0.0734375 0.1375
0 0.525 0.68125 0.06484375 0.11640625
0 0.36640625 0.8 0.071875 0.12578125
0 0.29921875 0.66640625 0.0640625 0.1140625
0 0.23125 0.78203125 0.0578125 0.11640625
0 0.23359375 0.9078125 0.05703125 0.1046875
0 0.22890625 0.65390625 0.053125 0.11015625
0 0.22890625 0.52421875 0.06640625 0.1125
0 0.30234375 0.5421875 0.06328125 0.10859375
0 0.30234375 0.39375 0.06796875 0.12265625
0 0.2296875 0.390625 0.0609375 0.11484375
0 0.234375 0.26484375 0.06328125 0.09921875
0 0.31875 0.13125 0.0671875 0.10859375
0 0.24609375 0.03203125 0.0515625 0.0640625
0 0.3140625 0.02890625 0.0625 0.0578125
0 0.53203125 0.03125 0.06640625 0.0625
0 0.52421875 0.271875 0.065625 0.128125
0 0.6703125 0.16640625 0.06328125 0.1140625
0 0.74296875 0.053125 0.0671875 0.10546875
0 0.740625 0.16796875 0.06015625 0.10078125
0 0.740625 0.28359375 0.0578125 0.09375
0 0.67578125 0.41484375 0.06875 0.10703125