0 0.31875 0.1328125 0.05625 0.11015625
0 0.23515625 0.26484375 0.0546875 0.09765625
0 0.465625 0.25703125 0.0546875 0.1125
0 0.53125 0.03671875 0.06328125 0.07265625
0 0.31328125 0.02578125 0.0546875 0.0515625
0 0.2453125 0.02890625 0.0546875 0.0578125
0 0.74375 0.0546875 0.05625 0.08828125
0 0.66640625 0.1609375 0.05078125 0.1015625
0 0.73828125 0.1703125 0.05703125 0.09765625
0 0.67890625 0.28125 0.06015625 0.1046875
0 0.74453125 0.2859375 0.053125 0.10546875
0 0.6765625 0.4234375 0.05390625 0.10546875
0 0.74375 0.4171875 0.059375 0.09921875
0 0.73515625 0.534375 0.05625 0.10078125
0 0.528125 0.54453125 0.071875 0.11796875
0 0.67109375 0.69140625 0.06171875 0.11484375
0 0.74140625 0.6734375 0.0546875 0.10078125
0 0.734375 0.78984375 0.05234375 0.08984375
0 0.73203125 0.925 0.05234375 0.08984375
0 0.66015625 0.9390625 0.053125 0.09296875
0 0.5328125 0.81171875 0.0578125 0.09375
0 0.4359375 0.928125 0.059375 0.09375
0 0.29921875 0.80390625 0.059375 0.09765625
0 0.23359375 0.79140625 0.0578125 0.096875
0 0.2359375 0.909375 0.05546875 0.096875
0 0.30234375 0.66484375 0.05859375 0.1046875
0 0.225 0.6609375 0.06015625 0.1046875
0 0.29921875 0.54375 0.06640625 0.1140625
0 0.2328125 0.528125 0.0546875 0.10859375
0 0.3015625 0.40703125 0.05859375 0.10859375
0 0.23125 0.3859375 0.06171875 0.103125