0 0.23203125 0.52890625 0.0546875 0.1109375
0 0.32265625 0.1328125 0.06640625 0.11015625
0 0.3 0.53515625 0.065625 0.12578125
0 0.3015625 0.66640625 0.06171875 0.10546875
0 0.36796875 0.6375 0.06328125 0.1140625
0 0.4484375 0.40078125 0.0703125 0.12421875
0 0.52578125 0.26796875 0.071875 0.12578125
0 0.5921875 0.13203125 0.0703125 0.12734375
0 0.74453125 0.05 0.06328125 0.096875
0 0.73984375 0.1640625 0.05703125 0.11875
0 0.66484375 0.1625 0.06015625 0.1140625
0 0.60390625 0.278125 0.0609375 0.1109375
0 0.6734375 0.41484375 0.06484375 0.13359375
0 0.7359375 0.52890625 0.075 0.09765625
0 0.52578125 0.5375 0.059375 0.128125
0 0.53046875 0.68203125 0.065625 0.11015625
0 0.52109375 0.80703125 0.06953125 0.10546875
0 0.37109375 0.8125 0.0671875 0.11796875
0 0.2390625 0.91796875 0.05546875 0.08984375
0 0.59140625 0.9484375 0.0609375 0.103125
0 0.2421875 0.02578125 0.0609375 0.0515625
0 0.31171875 0.03125 0.06484375 0.0625