0 0.22578125 0.06484375 0.0546875 0.084375
0 0.3 0.17265625 0.05390625 0.10703125
0 0.428125 0.0359375 0.059375 0.071875
0 0.50859375 0.03203125 0.0671875 0.0640625
0 0.571875 0.1234375 0.0578125 0.1015625
0 0.65234375 0.14453125 0.0703125 0.10859375
0 0.7234375 0.15390625 0.0578125 0.10703125
0 0.7203125 0.0390625 0.07734375 0.078125
0 0.4484375 0.42421875 0.0703125 0.1203125
0 0.5203125 0.26484375 0.07109375 0.11484375
0 0.53671875 0.6875 0.0703125 0.1390625
0 0.375 0.6703125 0.06484375 0.11484375
0 0.309375 0.71328125 0.06171875 0.1015625
0 0.3 0.58671875 0.0703125 0.11015625
0 0.23125 0.58125 0.06640625 0.1046875