0 0.23984375 0.9125 0.05 0.09296875
0 0.3015625 0.93359375 0.0515625 0.09296875
0 0.2953125 0.8 0.0546875 0.11484375
0 0.23359375 0.78671875 0.05390625 0.10859375
0 0.225 0.65546875 0.0546875 0.09921875
0 0.303125 0.66875 0.0578125 0.11015625
0 0.3015625 0.53828125 0.06328125 0.11875
0 0.23203125 0.528125 0.0546875 0.10546875
0 0.3015625 0.40078125 0.05703125 0.10078125
0 0.23203125 0.38515625 0.05546875 0.103125
0 0.303125 0.2578125 0.05234375 0.0953125
0 0.23515625 0.25390625 0.05390625 0.10078125
0 0.23984375 0.1359375 0.0609375 0.09921875
0 0.3078125 0.14609375 0.0609375 0.1015625
0 0.24375 0.02890625 0.053125 0.0578125
0 0.66953125 0.0359375 0.0515625 0.071875
0 0.71484375 0.090625 0.059375 0.09140625
0 0.66875 0.15703125 0.06015625 0.10078125
0 0.7125 0.20234375 0.0515625 0.0953125
0 0.67890625 0.27890625 0.059375 0.10546875
0 0.74296875 0.28671875 0.05703125 0.09140625
0 0.7484375 0.41171875 0.05078125 0.1015625
0 0.6765625 0.42109375 0.05234375 0.1015625
0 0.67265625 0.54765625 0.053125 0.10078125
0 0.73984375 0.540625 0.0484375 0.09296875
0 0.66640625 0.678125 0.0546875 0.1015625
0 0.74453125 0.675 0.06171875 0.09921875
0 0.734375 0.7828125 0.05234375 0.09765625
0 0.67421875 0.81015625 0.05234375 0.096875
0 0.659375 0.94609375 0.0578125 0.10546875
0 0.728125 0.92734375 0.0578125 0.09296875
0 0.3125 0.02890625 0.05 0.0578125