0 0.309375 0.02890625 0.05625 0.0578125
0 0.24296875 0.03046875 0.05078125 0.0609375
0 0.31953125 0.12734375 0.0546875 0.096875
0 0.52890625 0.265625 0.05859375 0.10859375
0 0.590625 0.13046875 0.05390625 0.1015625
0 0.53203125 0.028125 0.0609375 0.05625
0 0.74140625 0.05625 0.05078125 0.09375
0 0.740625 0.17109375 0.05390625 0.09375
0 0.66796875 0.1625 0.04921875 0.09296875
0 0.6734375 0.4203125 0.053125 0.08828125
0 0.6046875 0.5484375 0.0546875 0.1046875
0 0.5296875 0.5484375 0.05859375 0.10703125
0 0.53203125 0.6875 0.06015625 0.12265625
0 0.371875 0.81015625 0.05703125 0.08828125
0 0.7265625 0.92890625 0.05859375 0.09296875
0 0.74375 0.67578125 0.05546875 0.09296875
0 0.23984375 0.9171875 0.0578125 0.09921875
0 0.234375 0.79453125 0.0546875 0.09140625
0 0.30546875 0.67265625 0.06328125 0.11015625
0 0.3 0.54140625 0.065625 0.10703125
0 0.23046875 0.53125 0.05859375 0.10703125
0 0.303125 0.4015625 0.05625 0.11015625
0 0.3125 0.2703125 0.06171875 0.10703125
0 0.2359375 0.26484375 0.05859375 0.1046875