0 0.2171875 0.54765625 0.0546875 0.11875
0 0.2875 0.55078125 0.06015625 0.1125
0 0.2984375 0.1359375 0.06796875 0.1140625
0 0.234375 0.03359375 0.059375 0.06640625
0 0.43984375 0.03203125 0.0609375 0.0640625
0 0.521875 0.03515625 0.0625 0.0703125
0 0.58125 0.1421875 0.0625 0.12578125
0 0.65625 0.1640625 0.0640625 0.1140625
0 0.73046875 0.17890625 0.0640625 0.121875
0 0.73125 0.05703125 0.0546875 0.0875
0 0.590625 0.284375 0.06875 0.121875
0 0.51875 0.278125 0.0625 0.12734375
0 0.440625 0.4171875 0.07109375 0.1203125
0 0.51484375 0.55625 0.071875 0.10703125
0 0.51640625 0.6875 0.06953125 0.1140625
0 0.509375 0.8234375 0.059375 0.11484375
0 0.359375 0.6546875 0.06171875 0.13203125
0 0.2921875 0.68828125 0.05625 0.12265625
0 0.58671875 0.95234375 0.0609375 0.0953125
0 0.72109375 0.9296875 0.05625 0.09296875