0 0.225 0.0671875 0.05 0.08984375
0 0.30234375 0.1703125 0.0578125 0.08828125
0 0.4328125 0.040625 0.06875 0.08046875
0 0.51015625 0.0359375 0.06796875 0.07109375
0 0.575 0.134375 0.06875 0.096875
0 0.653125 0.16171875 0.0546875 0.11484375
0 0.72109375 0.0421875 0.06640625 0.084375
0 0.59296875 0.2875 0.06484375 0.1203125
0 0.51171875 0.2796875 0.07421875 0.12578125
0 0.44921875 0.41796875 0.06875 0.12421875
0 0.52890625 0.55 0.0703125 0.11796875
0 0.309375 0.7078125 0.0625 0.11640625
0 0.375 0.65859375 0.05390625 0.0953125
0 0.303125 0.5859375 0.05703125 0.11640625
0 0.234375 0.5890625 0.05546875 0.11015625
0 0.5390625 0.69765625 0.0671875 0.1125
0 0.53125 0.82265625 0.0625 0.1140625
0 0.621875 0.95 0.05703125 0.09921875
0 0.25859375 0.853125 0.06640625 0.10546875
0 0.26171875 0.9609375 0.06328125 0.075
0 0.74921875 0.90625 0.05625 0.10859375