0 0.3125 0.03515625 0.0578125 0.0703125
0 0.2484375 0.03125 0.0609375 0.0625
0 0.3078125 0.1421875 0.06328125 0.09921875
0 0.30390625 0.25390625 0.05859375 0.1140625
0 0.30234375 0.396875 0.0578125 0.1296875
0 0.30234375 0.5421875 0.065625 0.1140625
0 0.3 0.67109375 0.06484375 0.12265625
0 0.3015625 0.80625 0.059375 0.09921875
0 0.3015625 0.92890625 0.0625 0.1046875
0 0.23125 0.90703125 0.065625 0.1109375
0 0.2296875 0.78671875 0.06484375 0.121875
0 0.2265625 0.653125 0.0609375 0.1203125
0 0.22890625 0.52578125 0.06328125 0.1125
0 0.2328125 0.3890625 0.0625 0.11875
0 0.234375 0.26328125 0.06328125 0.12734375
0 0.23984375 0.13125 0.05703125 0.10703125
0 0.66875 0.03828125 0.0625 0.0765625
0 0.7140625 0.08046875 0.05625 0.0765625
0 0.66484375 0.1609375 0.053125 0.08828125
0 0.71484375 0.20078125 0.06015625 0.09296875
0 0.67265625 0.28203125 0.05625 0.1046875
0 0.74765625 0.28046875 0.06171875 0.103125
0 0.64765625 0.44609375 0.05625 0.10703125
0 0.70703125 0.45625 0.06015625 0.103125
0 0.6265625 0.62578125 0.06796875 0.11640625
0 0.671875 0.81171875 0.0609375 0.1015625
0 0.73671875 0.790625 0.05390625 0.11015625
0 0.73203125 0.9265625 0.05546875 0.096875
0 0.659375 0.94140625 0.06171875 0.1015625