0 0.31953125 0.13203125 0.0671875 0.11875
0 0.3140625 0.02890625 0.05703125 0.0578125
0 0.2421875 0.03515625 0.05390625 0.0703125
0 0.5328125 0.03203125 0.0671875 0.06328125
0 0.5921875 0.13125 0.0578125 0.09765625
0 0.528125 0.25703125 0.0703125 0.13359375
0 0.453125 0.40078125 0.06953125 0.13203125
0 0.2984375 0.53984375 0.06875 0.1140625
0 0.22734375 0.52734375 0.059375 0.1015625
0 0.30390625 0.66875 0.05546875 0.1046875
0 0.36640625 0.62734375 0.05859375 0.09765625
0 0.5265625 0.55 0.0671875 0.12578125
0 0.6046875 0.275 0.05546875 0.1109375
0 0.66953125 0.16171875 0.053125 0.08828125
0 0.74375 0.05 0.06015625 0.09140625
0 0.73125 0.5359375 0.05859375 0.121875
0 0.7265625 0.9171875 0.0609375 0.09921875
0 0.58671875 0.94140625 0.0640625 0.1171875
0 0.51484375 0.8046875 0.0609375 0.11796875
0 0.528125 0.68515625 0.0578125 0.1140625
0 0.371875 0.8125 0.06171875 0.1140625
0 0.2375 0.90234375 0.06015625 0.121875