0 0.225 0.06328125 0.0578125 0.09765625
0 0.2984375 0.1703125 0.0609375 0.1046875
0 0.42890625 0.04453125 0.0703125 0.08828125
0 0.51015625 0.03984375 0.06171875 0.0796875
0 0.5765625 0.12890625 0.06484375 0.11015625
0 0.65 0.13359375 0.06796875 0.10859375
0 0.725 0.14296875 0.0609375 0.09765625
0 0.7171875 0.0375 0.07265625 0.075
0 0.58984375 0.271875 0.06953125 0.11484375
0 0.51328125 0.27109375 0.075 0.1109375
0 0.4421875 0.4171875 0.0734375 0.13125
0 0.296875 0.578125 0.06640625 0.11875
0 0.23046875 0.57421875 0.06328125 0.121875
0 0.25 0.83984375 0.07890625 0.12421875
0 0.253125 0.953125 0.07578125 0.08359375
0 0.3078125 0.70859375 0.06015625 0.11796875
0 0.37578125 0.6671875 0.0703125 0.13125
0 0.53125 0.6921875 0.06640625 0.1140625