0 0.24609375 0.0390625 0.0578125 0.078125
0 0.31640625 0.1296875 0.053125 0.11640625
0 0.53125 0.03046875 0.0578125 0.0609375
0 0.66640625 0.15859375 0.0640625 0.10078125
0 0.74140625 0.05234375 0.0609375 0.096875
0 0.74375 0.16640625 0.06171875 0.103125
0 0.74375 0.29453125 0.06171875 0.1125
0 0.74375 0.41171875 0.05703125 0.1125
0 0.7359375 0.54296875 0.05859375 0.1046875
0 0.67421875 0.4171875 0.0625 0.1125
0 0.5234375 0.540625 0.07421875 0.1375
0 0.6734375 0.678125 0.06328125 0.128125
0 0.74296875 0.67890625 0.05546875 0.1109375
0 0.7375 0.784375 0.05703125 0.10546875
0 0.73046875 0.925 0.05625 0.10703125
0 0.65703125 0.9328125 0.05625 0.11484375
0 0.5296875 0.8109375 0.06796875 0.11875
0 0.4390625 0.92734375 0.065625 0.11640625
0 0.296875 0.79140625 0.0640625 0.1359375
0 0.22890625 0.7828125 0.06328125 0.1140625
0 0.23515625 0.91015625 0.05546875 0.10546875
0 0.30234375 0.6703125 0.0625 0.1140625
0 0.22421875 0.653125 0.0625 0.11015625
0 0.29921875 0.53984375 0.06484375 0.11875
0 0.22890625 0.52265625 0.0546875 0.10546875
0 0.3015625 0.4015625 0.0625 0.1046875
0 0.23125 0.38359375 0.05703125 0.103125
0 0.234375 0.2640625 0.05859375 0.1046875
0 0.3734375 0.26171875 0.0671875 0.10078125
0 0.4625 0.2546875 0.0625 0.12265625
0 0.31640625 0.02734375 0.0640625 0.05390625