0 0.24453125 0.034375 0.0546875 0.06875
0 0.31171875 0.02421875 0.0484375 0.0484375
0 0.53203125 0.02890625 0.0546875 0.0578125
0 0.58828125 0.125 0.0625 0.09921875
0 0.7453125 0.053125 0.05 0.10078125
0 0.67578125 0.4203125 0.05859375 0.13359375
0 0.665625 0.153125 0.0578125 0.1046875
0 0.528125 0.540625 0.05625 0.12421875
0 0.60234375 0.5453125 0.06015625 0.12265625
0 0.7359375 0.534375 0.053125 0.10078125
0 0.74375 0.6703125 0.0484375 0.103125
0 0.5328125 0.6875 0.059375 0.10546875
0 0.72578125 0.9265625 0.0546875 0.11015625
0 0.37109375 0.8078125 0.059375 0.0953125
0 0.37265625 0.92890625 0.05859375 0.1140625
0 0.2375 0.9078125 0.05390625 0.09375
0 0.3046875 0.675 0.05390625 0.1046875
0 0.365625 0.63046875 0.06328125 0.11015625
0 0.296875 0.54296875 0.0578125 0.128125
0 0.22890625 0.528125 0.06328125 0.12421875
0 0.2328125 0.26171875 0.05703125 0.103125
0 0.3125 0.2703125 0.0671875 0.11796875
0 0.321875 0.13359375 0.05625 0.08984375