0 0.2453125 0.03203125 0.059375 0.0640625
0 0.3078125 0.02578125 0.05625 0.0515625
0 0.31875 0.12734375 0.0609375 0.1046875
0 0.46171875 0.253125 0.05703125 0.10703125
0 0.53046875 0.034375 0.06953125 0.06875
0 0.66796875 0.159375 0.0640625 0.1046875
0 0.7421875 0.05078125 0.05078125 0.096875
0 0.7421875 0.1609375 0.05546875 0.11015625
0 0.7421875 0.28671875 0.0546875 0.09765625
0 0.67578125 0.27890625 0.0625 0.10078125
0 0.671875 0.41953125 0.0609375 0.11640625
0 0.74296875 0.425 0.0546875 0.1125
0 0.73515625 0.53125 0.0546875 0.1046875
0 0.67265625 0.68984375 0.0625 0.11484375
0 0.74296875 0.678125 0.06015625 0.1125
0 0.73125 0.7890625 0.059375 0.09921875
0 0.7265625 0.9296875 0.0515625 0.10546875
0 0.5265625 0.821875 0.075 0.11484375
0 0.528125 0.54375 0.065625 0.12734375
0 0.44140625 0.8171875 0.07109375 0.11640625
0 0.29765625 0.6703125 0.06796875 0.12578125
0 0.2375 0.26171875 0.0578125 0.1109375
0 0.30078125 0.396875 0.059375 0.10546875
0 0.23125 0.390625 0.06171875 0.11015625
0 0.23125 0.5234375 0.06328125 0.11640625
0 0.29921875 0.53671875 0.07109375 0.11875
0 0.225 0.66171875 0.06171875 0.1125
0 0.23359375 0.7890625 0.05859375 0.09140625
0 0.2375 0.91015625 0.0640625 0.09765625