0 0.7296875 0.92578125 0.0515625 0.0953125
0 0.59140625 0.95078125 0.05546875 0.09296875
0 0.515625 0.8125 0.075 0.11796875
0 0.365625 0.62734375 0.06484375 0.11796875
0 0.3 0.66171875 0.0578125 0.1125
0 0.2984375 0.53671875 0.065625 0.10703125
0 0.2296875 0.525 0.0640625 0.121875
0 0.2375 0.79296875 0.0578125 0.1125
0 0.234375 0.90859375 0.0578125 0.09765625
0 0.453125 0.40703125 0.0578125 0.1109375
0 0.528125 0.540625 0.0640625 0.1109375
0 0.525 0.67734375 0.0703125 0.121875
0 0.5234375 0.26484375 0.06875 0.11640625
0 0.6015625 0.28203125 0.06171875 0.103125
0 0.5984375 0.1265625 0.065625 0.11484375
0 0.53125 0.02890625 0.06015625 0.0578125
0 0.45234375 0.02890625 0.0640625 0.0578125
0 0.3125 0.1296875 0.06953125 0.10546875
0 0.24453125 0.0359375 0.0640625 0.071875
0 0.67109375 0.15703125 0.06796875 0.11015625
0 0.73984375 0.16171875 0.05625 0.096875
0 0.73984375 0.05 0.059375 0.09375