0 0.225 0.0671875 0.05078125 0.0953125
0 0.30546875 0.17734375 0.0703125 0.121875
0 0.42578125 0.04140625 0.0609375 0.0828125
0 0.50859375 0.03984375 0.059375 0.0796875
0 0.571875 0.128125 0.0671875 0.103125
0 0.646875 0.1390625 0.0546875 0.11640625
0 0.7234375 0.14140625 0.05625 0.11640625
0 0.590625 0.2734375 0.0640625 0.128125
0 0.521875 0.28046875 0.0671875 0.13203125
0 0.4484375 0.43046875 0.07578125 0.12265625
0 0.303125 0.57578125 0.06640625 0.1203125
0 0.23515625 0.5859375 0.0546875 0.121875
0 0.375 0.66953125 0.0625 0.121875
0 0.3125 0.709375 0.06171875 0.11015625
0 0.53984375 0.6875 0.07421875 0.1296875
0 0.25859375 0.846875 0.0578125 0.10546875
0 0.25859375 0.9515625 0.0609375 0.096875