0 0.22421875 0.0671875 0.05078125 0.09296875
0 0.30078125 0.1703125 0.05546875 0.09921875
0 0.5078125 0.03125 0.053125 0.0625
0 0.425 0.03359375 0.053125 0.06640625
0 0.57109375 0.125 0.059375 0.1015625
0 0.65078125 0.14765625 0.05625 0.09140625
0 0.7234375 0.13984375 0.05390625 0.0953125
0 0.71875 0.03359375 0.065625 0.06640625
0 0.4484375 0.4265625 0.0625 0.10703125
0 0.53125 0.54921875 0.05859375 0.103125
0 0.5375 0.68984375 0.0578125 0.10703125
0 0.53359375 0.8203125 0.05703125 0.09765625
0 0.61015625 0.946875 0.05703125 0.09296875
0 0.3703125 0.665625 0.0546875 0.10078125
0 0.30390625 0.5859375 0.05546875 0.10078125
0 0.309375 0.71328125 0.059375 0.0953125
0 0.234375 0.58046875 0.0546875 0.103125
0 0.25625 0.8484375 0.05234375 0.1046875
0 0.2578125 0.95703125 0.0578125 0.0859375
0 0.5171875 0.2765625 0.06015625 0.11640625
0 0.590625 0.2765625 0.05546875 0.10546875