0 0.24765625 0.03203125 0.0609375 0.0640625
0 0.3125 0.0265625 0.0625 0.053125
0 0.321875 0.12890625 0.05859375 0.11484375
0 0.5296875 0.0359375 0.071875 0.071875
0 0.5890625 0.13125 0.05546875 0.10546875
0 0.53046875 0.27265625 0.06640625 0.11875
0 0.66875 0.1609375 0.0671875 0.09375
0 0.73984375 0.16328125 0.05 0.09375
0 0.74140625 0.05546875 0.04921875 0.08203125
0 0.74375 0.2859375 0.0640625 0.103125
0 0.67421875 0.415625 0.0640625 0.11015625
0 0.73515625 0.53515625 0.0546875 0.1015625
0 0.60546875 0.54375 0.0609375 0.11640625
0 0.5265625 0.5421875 0.06484375 0.13203125
0 0.52578125 0.6828125 0.06875 0.10703125
0 0.7265625 0.93125 0.0546875 0.1140625
0 0.37265625 0.809375 0.05859375 0.1109375
0 0.371875 0.91953125 0.0640625 0.103125
0 0.2359375 0.90625 0.059375 0.10078125
0 0.2984375 0.6734375 0.05859375 0.11640625
0 0.3671875 0.63515625 0.06171875 0.121875
0 0.2984375 0.54140625 0.05625 0.1015625
0 0.23359375 0.5328125 0.0515625 0.11875
0 0.3015625 0.4046875 0.06640625 0.10859375
0 0.3109375 0.2703125 0.05078125 0.10703125
0 0.23515625 0.25859375 0.05859375 0.12265625