0 0.24296875 0.0375 0.0671875 0.075
0 0.31484375 0.03125 0.059375 0.0625
0 0.3140625 0.1234375 0.05859375 0.11015625
0 0.2375 0.26484375 0.0609375 0.1015625
0 0.375 0.26875 0.0703125 0.1109375
0 0.46875 0.26171875 0.0625 0.121875
0 0.30078125 0.39765625 0.0671875 0.128125
0 0.23203125 0.3859375 0.0609375 0.11015625
0 0.23203125 0.528125 0.06796875 0.12265625
0 0.30390625 0.53203125 0.0625 0.11484375
0 0.228125 0.65703125 0.0625 0.1140625
0 0.3015625 0.6703125 0.065625 0.1203125
0 0.5234375 0.53828125 0.0703125 0.12734375
0 0.525 0.81484375 0.0703125 0.1296875
0 0.3046875 0.92890625 0.0640625 0.11015625
0 0.2328125 0.90703125 0.06796875 0.13125
0 0.2953125 0.796875 0.0609375 0.12265625
0 0.228125 0.78671875 0.06484375 0.11796875
0 0.67109375 0.4109375 0.06796875 0.128125
0 0.740625 0.41796875 0.05390625 0.1140625
0 0.73515625 0.534375 0.059375 0.103125
0 0.74140625 0.68203125 0.0546875 0.10703125
0 0.7453125 0.2828125 0.0625 0.1140625
0 0.67421875 0.28125 0.065625 0.12265625
0 0.66875 0.15078125 0.0625 0.121875
0 0.7421875 0.16875 0.0578125 0.1046875
0 0.74140625 0.05625 0.0515625 0.09375
0 0.66796875 0.03515625 0.06171875 0.0703125