0 0.225 0.065625 0.05390625 0.1015625
0 0.3046875 0.1703125 0.05078125 0.1046875
0 0.42578125 0.040625 0.0640625 0.08125
0 0.50703125 0.03515625 0.065625 0.0703125
0 0.57265625 0.13125 0.0640625 0.121875
0 0.65078125 0.14453125 0.06171875 0.11015625
0 0.72421875 0.134375 0.0578125 0.11015625
0 0.71796875 0.02890625 0.0484375 0.0578125
0 0.590625 0.2640625 0.06953125 0.10703125
0 0.51171875 0.27578125 0.0765625 0.11484375
0 0.4453125 0.425 0.0640625 0.12734375
0 0.22890625 0.57734375 0.0640625 0.128125
0 0.3 0.5734375 0.06171875 0.128125
0 0.37265625 0.6703125 0.0578125 0.1140625
0 0.3078125 0.7171875 0.0640625 0.103125
0 0.5296875 0.54609375 0.065625 0.12734375
0 0.53125 0.690625 0.0734375 0.121875
0 0.53359375 0.8203125 0.06484375 0.11875
0 0.25390625 0.84765625 0.0578125 0.09765625
0 0.2578125 0.95703125 0.053125 0.0859375
0 0.61015625 0.9421875 0.065625 0.11015625
0 0.74453125 0.90625 0.06171875 0.10078125