0 0.31875 0.1390625 0.05625 0.103125
0 0.3125 0.03203125 0.053125 0.06328125
0 0.2453125 0.03125 0.0578125 0.0625
0 0.53359375 0.02578125 0.05859375 0.0515625
0 0.74296875 0.05546875 0.0515625 0.08984375
0 0.74140625 0.1703125 0.0546875 0.1046875
0 0.66640625 0.16171875 0.059375 0.10703125
0 0.67578125 0.2796875 0.0609375 0.10703125
0 0.7421875 0.2890625 0.05390625 0.09921875
0 0.67578125 0.421875 0.0578125 0.10859375
0 0.74453125 0.4234375 0.05859375 0.10078125
0 0.73671875 0.540625 0.0609375 0.10078125
0 0.6765625 0.69296875 0.05390625 0.10546875
0 0.74140625 0.67734375 0.05390625 0.10546875
0 0.73515625 0.78671875 0.0546875 0.096875
0 0.72890625 0.93203125 0.0515625 0.1046875
0 0.53359375 0.815625 0.06875 0.1125
0 0.5296875 0.55390625 0.06328125 0.12421875
0 0.4625 0.25390625 0.059375 0.09765625
0 0.23203125 0.271875 0.053125 0.09921875
0 0.3046875 0.40234375 0.05703125 0.10546875
0 0.2328125 0.39296875 0.053125 0.11875
0 0.2296875 0.528125 0.05546875 0.10703125
0 0.3046875 0.67109375 0.05625 0.1046875
0 0.3015625 0.5390625 0.0578125 0.1125
0 0.225 0.65703125 0.05546875 0.10078125
0 0.296875 0.80390625 0.05390625 0.1015625
0 0.2328125 0.7921875 0.0515625 0.103125
0 0.23671875 0.909375 0.0546875 0.09140625