0 0.72109375 0.146875 0.06484375 0.10859375
0 0.71953125 0.0359375 0.0578125 0.071875
0 0.575 0.13125 0.06640625 0.13125
0 0.5046875 0.03203125 0.065625 0.0640625
0 0.42265625 0.03671875 0.05625 0.07265625
0 0.296875 0.175 0.06171875 0.10859375
0 0.22265625 0.06640625 0.053125 0.10546875
0 0.44296875 0.41796875 0.0796875 0.14296875
0 0.515625 0.271875 0.06953125 0.11015625
0 0.53203125 0.6875 0.0703125 0.12734375
0 0.37109375 0.66640625 0.06328125 0.1140625
0 0.30703125 0.71171875 0.0671875 0.10859375
0 0.30078125 0.5796875 0.06953125 0.10703125
0 0.234375 0.58203125 0.06171875 0.11640625
0 0.25703125 0.84296875 0.0640625 0.1203125
0 0.25546875 0.9578125 0.0578125 0.084375